68997528
68063513
68700336
67996688
71803987
70322392
70086531
68684698
70251801
72457901
71851935
70757932
71215909
70205492
70207759
69770990
72232029
71213522
68258357
71841735
71692209
71805092
65101527
68256188
72198878
68573837
67749541
71691899
71139623
72443411
69799351
69078766
68508976
68564061
70762357
71737507
69577820
67304988
72452403
70163439
66544069
71903513
69568022
69191349
71142126
72481557
69539327
72236089
72233918
68546047
68217600
72478300
70598762
71171000
62016897
68177629
71196021
70757636
71793578
70763481
68678164
70599432
66887344
68714905
68257980
62004211
71367580
71556854
72411451
69966126
72438284
72692186
66399629
72444694
72448172
69996401
71443055
69056135
71803856
70218883
68182091
72339917
66952130
71369684
66887701
69079190
71818770
72610903
72446515
70676738
68697352
69557422
72441930
72481346
71082148
67018488
68731887
66935937
69182884
66506073
72479442
68544610
69805343
68574254
69962730
71849489
71188781
72630830
69993409
51061143
71851279
46628059
71356489
71800229
68218431
69600129
71763997
72690626
69121415
62113808
69993139
70675910
68807391
67949291
67333526
72427796
72531481
69145949
68062805
72634040
68218446
62269820
71606900
72244156
67802489
72198584
69598361
66578075
71432102
71820132
72460233
68688072
72351069
62007842
68591444
71361732
71903625
72338560
68347634
71443726
72444214
72241686
69001764
69081099
72427959
70077260
70692809
70677481
69931161
72238038
72460315
72241526
70593580
72450119
70321511
58936930
71851737
71230720
70016153
68292692
68564494
69146761
68728668
70627602
68678658
68560763
70077718
71293654
68181436
72406398
69190420
69929266
69669856
72680220
70218857
72236150
69635720
69267760
62011444
71885903
68214614
71293696
69266150
71856853
72485752
70255258
68700091
69600219
71393735
72662930
71902193
70190910
68682048
71314005
70757997
69568536
68095319
69956980
46629831
71375118
66981532
68708318
72428168
71847011
72447529
69746362
69213729
69079811
69172926
67946221
68695864
69501426
70090631
69264935
68356152
72453749
71802875
68056671
70607796
72379491
72609591
71711622
68709520
71125587
46626933
68691974
71848552
69973695
68256016
69580237
68507605
72446522
72450640
71125819
68679476
71619468
71851119
69848827
68805556
66749246
71288404
72386497
71125410
69544219
72115771
71353597
70676894
46632140
46629905
64805954
72342158
68712859
68697153
69079778
69817467
72679817
68310385
55414504
46635135
68708197
72479164
67753890
71596865
72451165
69973851
70253617
68678435
67959741
71904521
70763867
68683343
69220730
69867890
72243490
68217095
68728610
71296110
71850659
71675717
69545040
71335031
66601501
69265319
67746089
65450489
69083316
69046353
68693284
69250765
71335000
72117596
71340157
71291615
71677705
69080837
68510120
70253135
69082575
70758181
68802053
67098815
72421706
72287638
66747476
71838397
72239537
69196531
69249326
71337749
69088253
69673592
69082733
70148800
68702817
72442746
71240896
68302335
69035657
70623750
55278133
67442211
68814305
69250944
68669224
66298393
68718720
71184796
71369502
69073629
71674555
72691194
72454550
69063925
70763720
64809893
72234499
62011450
69040220
72672874
71631421
70028246
71292106
68372648
69080968
70162126
71885864
70763753
69188766
72578233
72609667
70232739
72635560
72689197
72186225
72447151
70448586
69000079
68714140
68612091
69147753
69594171
68707581
68507612
70256561
67946086
69799803
71635418
69615159
71852020
69776905
69250648
70309482
68194862
70756164
71555733
69688172
71816988
72227008
68995641
66643191
71189966
71168766
72241506
69801399
71335886
71677311
72241841
72443521
71339723
70253925
69145960
72661545
66600427
72443359
71083870
72444583
71170782
69686571
69168938
68179675
71614229
70485873
69092773
72457492
71199751
69671186
69004747
71199807
70253936
72340106
72673887
69803404
67174811
68538230
71196096
67098684
72342085
68824328
69687048
71094924
70104899
68560905
72184995
69671196
66426163
70265318
70420139
70159396
46633806
68784692
68310471
71099289
71080674
68057786
72485443
69689688
71812293
69170518
64216173
68709313
66630867
71295925
70656648
69170925
71609787
69086048
67444373
70256074
68531828
68675667
71678606
70016152
72238746
71204423
68705166
72397595
69600287
67639091
72702961
64144831
68346097
71805339
71821372
71841765
62004449
69267364
68293795
72351795
72439398
71186393
69199873
67770798
62017143
70656711
69540434
68994913
69012306
66952266
68780456
66753565
69030000
72448496
72395002
70250035
50882000
72226795
59968160
69000974
71812575
70807997
71796980
70758173
70682023
68180326
72338070
72421504
71686822
72242359
55400426
72485547
69188332
72555421
69119013
72395107
71402478
60685363
68686791
69083137
72118191
71561249
68537277
68699701
67970848
70599043
68238154
70016465
46627840
68784018
67946161
71679611
67896489
68560477
68718817
72444600
72690576
65451652
67931789
69079850
69856091
71847666
47920414
71679411
68576082
69228108
70758175
69558397
69080365
72627933
69768475
68257221
71198896
68299652
71428404
67151783
72460729
71685513
72444142
69079024
69556224
70597879
72441022
71677246
67949521
71430843
71470776
69685775
55415689
68849619
68576341
68061775
69536987
70076688
62017964
69081850
48844742
72609755
71750603
69989027
68257449
69007802
69580390
71745516
72697363
72661895
69689923
70520065
68688500
71633491
70597736
72405497
68237569
72384220
69747537
72442494
69024685
70076682
68806037
68677803
72481581
69010815
69748492
69082147
68678482
69783468
69817624
72192734
68057472
69987622
72628995
68408186
66932711
69551029
70014362
69011089
68681216
71750535
71240775
69937154
68242598
68622279
69011871
70598851
68537806
69072950
70218831
69171545
68062611
72690861
68720237
67441347
69146692
64602169
69052698
71230837
70608442
72630989
72200044
69783619
71171544
68218566
69805267
46627260
67332022
70264328
69805538
69080512
68608728
68180459
71469076
71082952
69564390
69858761
71808636
69080771
71432341
69065735
68063266
69688299
69792349
68675231
67945529
53863788
72690823
68702096
46634833
68691589
69192492
64587110
68548006
69931225
71708131
68806418
71602572
72697019
70474220
66673865
69198249
72480999
71109791
68718213
71677261
70755882
67958106
72226412
71851898
68242247
71812011
72236534
68711980
67959409
66905324
72441328
69559906
55409704
69577650
69073451
71671543
71748554
69694967
69087918
68704193
71099880
72457200
68346273
70013065
54929044
69776963
69169496
71857143
71691917
71674616
70162275
71293725
69551242
72404995
72173738
68720930
69802421
70205656
71125336
69084078
71443077
68559978
46629059
70436315
67639020
50738105
70223375
68510409
68537749
71608168
67895483
71186780
72564385
69250788
69587191
71090289
72240625
69553242
72337118
69966873
72694003
68608928
72691163
71621313
68676602
68719557
56209809
68553492
67099419
71393784
71233429
69147324
68687567
68677615
69930907
69768322
72184029
68258658
72479966
72666862
68310427
62524959
68715062
72609298
72401303
71224914
68057065
68700672
72427843
71848359
70457475
71631590
70028343
71402732
71185283
